   4296     726    8307    -2863     969   -2859       67     -98     -44
   4260     737    8310    -2876     954   -2919       49     104     -51
   4260     737    8310    -2759     868   -2896      113     -30     -45
   4260     737    8310    -2766     749   -2978      114     -63     -47
   4260     737    8310    -2918     660   -3032       48      81     -39
   4267     716    8275    -2927     625   -2941       38      87     -82
   4267     716    8275    -3070     594   -2973       -2      88     -91
   4267     716    8275    -2815     695   -2975      -24      59    -109
   4267     716    8275    -2526     544   -2885      -42     -38     -63
   4263     710    8329    -2777     671   -3056      -31      -6       8
   4263     710    8329    -2807     879   -3079      -77      28       6
   4263     710    8329    -2660     920   -3075      -15      56     -15
   4263     710    8329    -2320     834   -2889       15       3     -89
   4241     690    8388    -2096     894   -2795       -2     -53     -18
   4241     690    8388    -2100     883   -2731      -24    -137      15
   4241     690    8388    -2245    1015   -2717      -14    -193       0
   4241     690    8388    -2809    1005   -2764      -32    -174     -11
   4241     690    8388    -2624     973   -2834      -27    -195      -7
   4274     635    8323    -2716    1052   -2903        1    -215     -10
   4274     635    8323    -2867    1025   -2821        4    -185      10
   4274     635    8323    -2900    1022   -2782       24    -177     -30
   4274     635    8323    -2841    1093   -2809       55    -165     -67
   4290     622    8309    -2887     953   -2841       66     -54     237
   4290     622    8309    -2825     999   -2785       68     -88     -53
   4290     622    8309    -2786    1077   -2781       67     -68     -44
   4290     622    8309    -2774    1050   -2776       85     -90     -79
   4293     634    8283    -2737    1031   -2756       74     -84     -85
   4293     634    8283    -2695     959   -2733       83    -146     -51
   4293     634    8283    -2833     981   -2661       30     -74       7
   4293     634    8283    -2814     958   -2743       47     -53     -76
   4267     653    8250    -2754     852   -2841       25    -104     -30
   4267     653    8250    -2441     805   -2745      -25    -114     -27
   4267     653    8250    -2581     919   -2701     -145    -471     -36
   4267     653    8250    -2753      29   -2731     -312   -1042     259
   4398     539    8150    -2695     503   -2830     -903   -1207     340
   4398     539    8150    -3368    -468   -2723    -2374   -1495     174
   4398     539    8150    -2350     420   -1706    -3538   -1100      70
   4398     539    8150    -4351    1310   -1863    -3905   -1177     826
   4640     -64    7925    -5433    6920    -758    -3874   -1193     411
   4640     -64    7925    -4063     917    -828    -3961    -845     550
   4640     -64    7925    -3104    2272      52    -4710    -550     758
   4640     -64    7925    -1461    2879     740    -4679   -1325    1063
   4640     -64    7925    -1470    4032     721    -3762   -1889    1522
   4807    -953    7602    -1091    3089    1580    -3485   -3843    1539
   4807    -953    7602    -1584    3048    1975    -2998   -3148    1773
   4807    -953    7602    -1529    2995    2680    -2684   -2768    1507
   4807    -953    7602    -1064    3940    3305    -2282   -2893    1966
   4878   -1702    6094       95    3923    3203    -1904   -3512    1751
   4878   -1702    6094     1209    3551    3524    -1521   -4360    2076
   4878   -1702    6094      228    2987    4627    -1456   -4835    1835
   4878   -1702    6094      735    4903    4200     -860   -4503    1861
   3932   -2393    4259      896    5250    3743      342   -4602    2375
   3932   -2393    4259     -596    6508    3738     1820   -3943    2154
   3932   -2393    4259    -2778    2325    3347     2581   -2995    2464
   3932   -2393    4259      -98   -2888    2397      760   -2242    1918
   1906   -3282    4066      540     -54    2394     -666    -601    1332
   1906   -3282    4066     1050    2444    3581    -1285     141     756
   1906   -3282    4066     -619    2283    3219    -1198     719     -46
   1906   -3282    4066     -605    2079    3605    -1454    2042   -1305
   2001   -2947    3684     2854    3188    3285    -1431    2467   -1561
   2001   -2947    3684     2835    2819    2948    -1187    1609   -1070
   2001   -2947    3684      865    2937    3369     -974    1471    -875
   2001   -2947    3684     -362    3056    4436     -538    2416   -1256
   3342   -2287    3659      729    3462    3860     -201    3243   -1592
   3342   -2287    3659     1593    2760    4477     -160    3544   -1336
   3342   -2287    3659     1080    2900    4017      235    3247   -1040
   3342   -2287    3659     -235    3141    4351      525    3198   -1189
   3342   -2287    3659      418    3037    4642     1031    3232   -1634
   4529   -1727    4956      214    2450    3749     1107    2486   -1782
   4529   -1727    4956     -955    2315    3758     1077    2474   -1745
   4529   -1727    4956    -1835    1280    3042      843    2125   -1813
   4529   -1727    4956    -1837    2723    3039      798    1942   -1751
   4892   -1107    6074    -2049    2105    2673      785    1792   -1655
   4892   -1107    6074    -2641    1177    2080      681    1764   -1479
   4892   -1107    6074    -2192    1942    2174      558    1631   -1367
   4892   -1107    6074    -2045    1889    1975      515    1226   -1110
   4863    -523    6808    -2807     845    1890      364     984    -852
   4863    -523    6808    -3950    1200    1739       80    1287   -1057
   4863    -523    6808    -3013    1425    1555      -22    1234    -929
   4863    -523    6808    -3336    1714    2124     -485    -371   -1221
   4773    -161    7010    -3857    1715    1652     -216    -671   -1033
   4773    -161    7010    -4996    2175    1391      493    1898    -745
   4773    -161    7010     4316     498    5397      -67   -1807    -408
   4773    -161    7010    -4648    1433      56       39     884    -525
   4586     142    7519    -3045    1538    1082      336     494    -276
   4586     142    7519    -4005    1249     911      843     915    -236
   4586     142    7519    -4027     809     819      739     640    -211
   4586     142    7519    -6234    4784    -460      217    -867    -294
   4488     373    7515    -3841    1035     413      768     259   -1051
   4488     373    7515    -4360     138     744       73    -396   -2996
   4488     373    7515    -1980   -2192   -5223     -885    -852   -4658
   4488     373    7515    -3613    -299     192     -589    -923   -4091
   4488     373    7515    -3904    -434    1304    -1728    -538   -4745
   3929    1407    7414    -4143   -1527     962    -1918     -51   -4258
   3929    1407    7414    -3112   -2251     959    -1082    -353   -3418
   3929    1407    7414    -1380   -1067    2199     1017     639   -2557
   3929    1407    7414    -3718   -3460    1557     1445     348   -2106
   2707    2257    7536    -3330   -2838    1041      153     155   -2980
   2707    2257    7536    -3208   -3191     494     -769     114   -3968
   2707    2257    7536    -2257   -1653     833    -1514     470   -3941
   2707    2257    7536    -1910   -3647     854     -332    -406   -3871
   1264    2530    7740    -1362   -4000     592      -98     126   -4690
   1264    2530    7740    -1341   -4735     541     -580    -787   -6979
   1264    2530    7740     -835   -5147     824    -1437   -2133   -6586
   1264    2530    7740     -511   -3325     235    -1760   -1248   -5328
   -725    1688    8107     2397   -4239     986     -705     -68   -3819
   -725    1688    8107    -1631   -3859      35    -1028    -203   -3583
   -725    1688    8107     2152   -4030     675    -1041     286   -3531
   -725    1688    8107     1886   -3650     551    -1117     278   -3386
  -1585     471    8284     2346   -2578     161     -745     372   -2999
  -1585     471    8284     2788   -2424    -144     -280      84   -2860
  -1585     471    8284     4326   -3457      73     -267    -209   -2687
  -1585     471    8284     2997   -1289     541     -722    -422   -2791
  -1782    -615    8294     2328   -3497   -1237     -193    -192   -2347
  -1782    -615    8294     3552   -1584    -131      -48    -312   -1953
  -1782    -615    8294     5377   -1319   -1422      349    -935   -1296
  -1782    -615    8294     3703   -5275    2729      292     183   -1513
  -1782    -615    8294     3428   -3126    -620    -1049   -1232   -2934
  -1564   -1312    8501     3381   -1147    -227    -1372    -601   -3223
  -1564   -1312    8501     3490   -1706    -913    -2940    -678   -3903
  -1564   -1312    8501     3661    -385    -313    -1588     343   -4700
  -1564   -1312    8501     4110     208    -693    -1221     619   -4680
   -761   -2857    8290     3936    2112     184    -1955    1001   -4221
   -761   -2857    8290     3476    1963     -44    -1005     611   -3703
   -761   -2857    8290     3608    1668     -31     -856    -142   -3219
   -761   -2857    8290     2972    2065     131    -1401     139    -788
    348   -3676    7801     3417    2468    -137    -1291     781    -370
    348   -3676    7801     3349    2424     108    -1546    1158    1750
    348   -3676    7801     2730    2363     576    -1182    1300    3251
    348   -3676    7801     3888     768     890    -1559    1751    3770
   -616   -3277    7096     3856    1210     936    -1815    1817    4147
   -616   -3277    7096     3935     343    1356    -1277    2234    4312
   -616   -3277    7096     4587    -395    1710      649    1837    1452
   -616   -3277    7096     2815      21    2539      348    4184     265
  -1376   -2636    6061     1379    -449    2585     -960    4504    1094
  -1376   -2636    6061     3336    -338    3582    -1221    3731     583
  -1376   -2636    6061     5300    1446    4060    -1522    5204    1544
  -1376   -2636    6061     2343    -447    4093     -382    4541    1051
  -1376   -1868    4477     2088    -471    3622      329    4593     679
   -795   -2036    4477     1269    -517    3664      994    4320     478
   -795   -2036    4477      399    -553    4452     1618    4164     709
   -795   -2036    4477     -171    -452    4229     2207    4585     265
   -795   -2036    4477     -793    -557    4858     1309    5005     290
    691   -2452    3947    -1500    -227    4354     1766    4531    -425
    691   -2452    3947    -1367      66    3393     1328    4077    -691
    691   -2452    3947    -1221    -173    2939      921    4238    -488
    691   -2452    3947    -2414      60    2991      441    3772    -124
   2348   -2819    4257    -3701     421    2958      368    3445    -157
   2348   -2819    4257    -3234     -22    2680      671    3549    -143
   2348   -2819    4257    -3464    -206    2376      575    2719    -516
   2348   -2819    4257    -3469    -163    2091     -142    1197    -650
   3423   -2938    4881    -2968     -12    2123     -174    -573   -1190
   3423   -2938    4881    -3373     145    2694      105   -1879    -473
   3423   -2938    4881    -3722       2    3193      339   -3851    1084
   3423   -2938    4881    -2411     477    2961     -101   -5689    2252
   2534   -2939    4387    -1487     473    3836     -832   -7995    2510
   2534   -2939    4387    -2463     284    4336     -227   -6021    1826
   2534   -2939    4387    -1280     588    4389      675   -5170     707
   2534   -2939    4387      790     -99    4442     -471   -6279    1339
    -88   -2667    4549    -2560     899    3018    -1238   -6408    3495
    -88   -2667    4549    -1186     193    2218     -448   -5593    1935
    -88   -2667    4549      971     731    3532    -1236   -4323    2313
    -88   -2667    4549     4092    1470    2887     -452   -3495     833
    -88   -2667    4549     3661     115    3935    -1487   -3392    1559
  -1523   -2147    5668     1890    -476    2818    -2416   -2718    1642
  -1523   -2147    5668     2279    -995    2716    -1902   -2506      24
  -1523   -2147    5668     3482   -1462    2357    -2226   -2945     711
  -1523   -2147    5668     4082   -1966    3880    -2599   -4730     431
  -1884   -1660    6439     3060   -1224    1614    -1564   -4330    -804
  -1884   -1660    6439     3663   -1160     680    -1425   -4986    -117
  -1884   -1660    6439     4456   -1408     143    -1474   -5431     -88
  -1884   -1660    6439     3541   -1322    -338    -1065   -4552    -286
  -1579   -1821    8072     3604    -930    -631     -775   -3423    -742
  -1579   -1821    8072     3626    -661   -1030     -498   -5173    -716
  -1579   -1821    8072     3874   -1066   -2378      -40   -5352   -2281
  -1579   -1821    8072     3793   -2959     433     -432   -3944   -2126
   -286   -2185    9317      391   -1901   -2029    -1067   -4677   -1299
   -286   -2185    9317     2030    -818    -731    -1461   -4798    -759
   -286   -2185    9317     1253   -1205   -1651    -1746   -4035    -856
   -286   -2185    9317     3458   -4308   -5340    -1238   -2780     238
   1246   -2694    9423     1162    -156   -4045     -500   -1601     640
   1246   -2694    9423     1548     508   -4231    -2292    -916     460
   1246   -2694    9423     1067     -35   -3015    -2046   -1577     -63
   1246   -2694    9423     1075     311   -3445    -1055   -3100   -1005
   1879   -3113    9017      121    1037   -5000     -104   -3796    -864
   1879   -3113    9017     -344    -703   -1946    -1075   -3877    -769
   1879   -3113    9017    -1702     -37   -4216    -1730   -3257    -875
   1879   -3113    9017    -1438    1339   -4708    -2102   -3550    -579
   1879   -3113    9017    -1865    2243   -4857    -2000   -2188     -21
   3153   -3316    8072    -1285    1173   -3526    -2229   -2819    -280
   3153   -3316    8072    -1776    2156   -2269    -2289   -1705     644
   3153   -3316    8072    -1878    1879   -2052    -2458   -1086     532
   3153   -3316    8072    -2004    3328   -3470    -2085    -726     690
   3301   -3586    6836    -2371    3365   -2773    -2185     416    2471
   3301   -3586    6836    -1160    1902   -3561    -3774    -671    3878
   3301   -3586    6836    -1402    3592   -2299    -2898    -680    1545
   3301   -3586    6836     5932    3968    4013    -2478   -2523    1037
   2422   -3863    5626     -469    2971     506    -1713   -1445    2411
   2422   -3863    5626     -483    4277   -1382    -1552    -829    1765
   2422   -3863    5626    -1100    4226   -1023    -1110    -439    1588
   2422   -3863    5626     -364    4516    -597    -1315    -225    2544
   1391   -3628    4984    -4134    4809    -608    -1546     243    3152
   1391   -3628    4984      115    4581      36    -1434     379    3406
   1391   -3628    4984      988    4763     304    -1431     -53    3379
   1391   -3628    4984      901    3689     104    -1235    -435    3349
    139   -2898    4502       35    3592    -179    -2431   -2113    4668
    139   -2898    4502     2652    2836     329    -1985   -1337    4691
    139   -2898    4502     3457    2968     661    -1848   -1202    4426
    139   -2898    4502     3963    2891    1348    -1891   -1336    4070
  -1147   -1317    4528     4789    2973     967     -957   -2044    2558
  -1147   -1317    4528     2892    2514    -168      466   -3440    1665
  -1147   -1317    4528     5426    2716    -497      696   -2888    1779
  -1147   -1317    4528     4036    1966    1135      347   -1660    2840
  -1147   -1317    4528     5659    1417    -511      428   -1642    4081
  -1931    -366    5416     5493     453    1162     -382   -2408    5028
  -1931    -366    5416     3955     305    -964    -1683   -2294    5461
  -1931    -366    5416     4547     277   -1144    -1837   -1746    4626
  -1931    -366    5416     4722    -703   -1030    -1894   -1794    3123
  -1472    1463    6375     4102   -1108   -1954     -781    -621    2231
  -1472    1463    6375     1744    1402   -3092     -711    -329    1227
  -1472    1463    6375     4310    -576   -1584      494     178    -214
  -1472    1463    6375     3778   -1108   -1725      132     212     338
  -1213    1950    6583     3485   -1381   -2142      -38     230     783
  -1213    1950    6583     3665   -1959   -2013    -1414    -514    1172
  -1213    1950    6583     3976    -928   -1985    -1465    -352    2482
  -1213    1950    6583     3433    -823   -1736    -2020     135    2917
   -601    2310    7017     2887   -1887   -1425    -2536      46    2220
   -601    2310    7017     3249   -1873   -2046    -1566    -271    1127
   -601    2310    7017     2774   -1538   -2081    -1059    -819     835
   -601    2310    7017     2658   -1402   -2650    -1144    -678     241
     41    2295    7674     3828   -1694   -2224    -1939     -90   -1723
     41    2295    7674     3800   -1488   -1841      -53     297   -2653
     41    2295    7674     2005   -1913   -2831     -112    -767   -2238
     41    2295    7674     3060    -451   -2346      546   -1102   -2600
   -781    1886    7790     3274    -747   -2516     1189   -1147   -2953
   -781    1886    7790     3516    -814   -2643     2271   -3239   -3747
   -781    1886    7790     3077    -709   -2974     3440   -3533   -5566
   -781    1886    7790     1833    -623   -3511     2170   -4474   -4273
   -781    1886    7790     1665    -263   -3999     1740   -3594   -3422
  -1513    1151    8121     1556     -76   -3973      450   -2457   -3614
  -1513    1151    8121     1109    -409   -4048     1069   -2355   -4501
  -1513    1151    8121     2059    -447   -3898      813   -1871   -4684
  -1513    1151    8121      686     226   -3611     -434   -1317   -4657
  -1518    -141    8711     1520    -100   -3953    -1003   -2710   -5329
  -1518    -141    8711     -308     -48   -4074    -1131   -2760   -3578
  -1518    -141    8711       59     369   -4777    -1564   -1318   -2455
  -1518    -141    8711    -1265   18093    -239    -1228   -1465   -6651
   -813   -1565    9199    -1358    -568   -3157    -1598   -2246   -6189
   -813   -1565    9199      842     223   -2979    -1377   -2385   -3331
   -813   -1565    9199     -488    1022   -3399    -1115   -1927   -3006
   -813   -1565    9199    -1376     564   -3517     -688   -1981   -3086
    796   -2737    9326    -1838     642   -2831     -983   -3025   -2786
    796   -2737    9326    -2532     851   -3094     -527   -2786   -2448
    796   -2737    9326    -2272     742   -2975     -263   -2313    -475
    796   -2737    9326    -2926     -60   -3283     -583   -1392     487
   2034   -3046    9107    -3663     337   -3027    -1234    -312    1536
   2034   -3046    9107    -3198    1846   -2230     -228    -486     870
   2034   -3046    9107    -2671    2035   -2707     -159   -1653    -387
   2034   -3046    9107    -2777    1307   -2547      278   -1434    -778
   2184   -2993    8983    -2628     332   -1593      358   -1568    -367
   2184   -2993    8983    -2998     974   -1916      893   -2365    -866
   2184   -2993    8983    -3221     723   -1771     1659   -3877   -1861
   2184   -2993    8983    -4139     201   -1313      417   -3288   -1579
   2184   -2993    8983    -3579     382   -1360      184   -2443   -1034
   3300   -2627    8742    -3914    -301    -711      373   -2461    -682
   3300   -2627    8742    -4666      81    -981     -547   -1173     484
   3300   -2627    8742    -3782    -248    -304      -31    -725    -508
   3300   -2627    8742    -4655     618    -956    -1015    1219     711
   3546   -2685    8440    -4593     607    -934     -400    2875    1747
   3546   -2685    8440    -4220     951   -1623     -337    4144    2566
   3546   -2685    8440    -3281     613   -1759      418    4394    3740
   3546   -2685    8440    -2908    1640   -1868     1016    4287    4168
   1900   -3238    8975    -2817    1587   -2585     1474    4170    3370
   1900   -3238    8975    -1307    2355   -2881     1373    5157    3596
   1900   -3238    8975    -1794    1358   -3682     1970    5586    2492
   1900   -3238    8975     -718    1878   -4417     1828    6757    1599
   -512   -2677    8698     -363    1371   -3291     1322    6628    1120
   -512   -2677    8698     1053    1621   -3404     1193    6587    1083
   -512   -2677    8698     1989    2023   -3168      553    6379     786
   -512   -2677    8698     2692    1643   -2898      397    6080     847
  -1809   -2174    6596     3470    1310   -2495      373    6240     884
  -1809   -2174    6596     3130     857   -1052      440    6129     945
  -1809   -2174    6596     3612    1076    -584      236    5099     976
  -1809   -2174    6596     3895    1010    -199      743    3975    1054
  -1335   -1782    4706     4114     549    -132      -79    3081    1104
  -1335   -1782    4706     3965     651    -276     -178    3349     893
  -1335   -1782    4706     3520     246     957      355    3644     779
  -1335   -1782    4706     3966     420    1209     -417    3895     402
  -1335   -1782    4706     4156   -1682     989     -504    3830     259
   -312   -1371    3755     3946     182    2175     -699    2915      56
   -312   -1371    3755     3439     147    2558    -1491    3663    -359
   -312   -1371    3755     3319     -81    2738    -1169    3230     -98
   -312   -1371    3755     3019    -179    3218     -292    3322    -627
   1121    -893    3311     2164    -310    1781      235    2384    -454
   1121    -893    3311     7245   10523    8345     4415    3922   -7538
   1121    -893    3311     2886     512    3572    -2444    4177     311
   1121    -893    3311     1501     301    3831    -2488    3631    1082
   2856    -645    3710      529    -369    4345    -2205    2942     953
   2856    -645    3710      580    -170    4416    -2086    2800     612
   2856    -645    3710       61    -635    4215    -2343    2491     635
   2856    -645    3710     -210   -1042    4502    -2649    3539     119
   3772     208    4512     -498    -976    1817    -3114    3291   -1096
   3772     208    4512    -1324   -1062    4075    -2598    3899    -481
   3772     208    4512    -1122   -1978    2350    -2241    4671    -754
   3772     208    4512    -2482   -1756    3858    -2607    4336    -328
   4541     682    6421    -2553   -3309    3942    -3488    3656    -225
   4541     682    6421    -2163   -2369    2305    -4151    4431   -1374
   4541     682    6421    -1781   -2483    1550    -4075    3895   -1079
   4541     682    6421    -2146   -3052    1336    -3117    3606   -1718
   4175     602    8382    -2605   -3799      43    -3063    2972   -2485
   4175     602    8382    -2743   -3579     512    -3833    3578   -2804
   4175     602    8382    -1927   -2536    -334    -2997    3153   -2465
   4175     602    8382    -1004   -3631    -998    -1324    2410   -2579
   4175     602    8382    -1536   -4743   -2094    -1334    2317   -3091
   2810     551    9562    -2093   -3657   -2032    -3653    2773   -1236
   2810     551    9562     -361   -3120   -2054    -3107    3763   -1149
   2810     551    9562      -54   -3599   -2439    -1863    3063   -1045
   2810     551    9562      137   -3604   -3054    -1285    2671   -1604
   1445    -401   10048     1009   -2681   -2800    -1124    2959   -1172
   1445    -401   10048     1612   -3108   -2954     -548    2882    -802
   1445    -401   10048     1011   -2269   -2427      512    2690   -1834
   1445    -401   10048     1071   -2957   -2456     -613    2918   -1147
    100    -552    9866     1992   -1780   -1500    -1384    2835    -694
    100    -552    9866     1994   -2394   -2101    -1699    3214    -118
    100    -552    9866     2209   -2465   -1870    -1788    3590    -304
    100    -552    9866     3262   -1546   -1225    -1717    3504    -570
  -1108   -1205    9065     2161   -2215   -2230    -1735    3862    -531
  -1108   -1205    9065     3415   -1840   -1108     -158    2866     360
  -1108   -1205    9065     4148   -1786   -1425      629    1098     975
  -1108   -1205    9065     3763   -2001   -1237      513    -920    1078
  -1572   -1153    8478     2607   -2022    -737      489   -1286    1528
  -1572   -1153    8478     3219   -1845    -884     1700   -1194    1934
  -1572   -1153    8478     3080   -3120   -1394     1730   -2302    1630
  -1572   -1153    8478     2675   -2435   -1377     2302   -2566    1733
  -1087    -303    9003     2327   -3719    -448     2737   -2053    1614
  -1087    -303    9003     1177   -3629    -959     3257   -1904    2035
  -1087    -303    9003     1967   -3351   -1119     4105   -1552    2112
  -1087    -303    9003     1276   -3822    -407     4824   -1141    1958
  -1087    -303    9003      961   -4211     289     5130    -717    1223
   -371    1207    8761     1078   -4014     993     5330    -772     788
   -371    1207    8761      748   -4550    1137     4889    -283    1166
   -371    1207    8761     1137   -4443    1881     2979    -183    1348
   -371    1207    8761     1060   -3224    2116     2440    -139     889
     33    2193    7631     1511   -4760    1847      134     170     345
     33    2193    7631      931   -3766    1698     -890     349    -954
     33    2193    7631     1122   -4140    2178    -1236     313   -1997
     33    2193    7631     1011   -4005    2242    -2670    -600   -3461
   -461    1997    7908     1626   -3737     939    -3921   -1213   -3511
   -461    1997    7908     1887   -3691     866    -5265    -613   -2723
   -461    1997    7908     1991   -3989     702    -6791    -673   -2404
   -461    1997    7908     1841   -3669     448    -7060    -500   -2835
   -896     100    9313     2096   -2828   -1005    -6027      24   -3650
   -896     100    9313     2414   -1984   -1772    -5519    1116   -2584
   -896     100    9313     2990   -1570   -1947    -4362    1788   -2534
   -896     100    9313     3351   -1103   -1666    -4334    1581   -2617
   -990   -2177    8652     3320   -1006   -1810    -3635    1023   -2342
   -990   -2177    8652     3202    -164   -1734    -3964    1199   -1990
   -990   -2177    8652     3558     201   -1568    -3937    1588   -1773
   -990   -2177    8652     3904     745   -1214    -3957    1656    -651
   -604   -3402    7404     4205    1112   -1170    -1366    1960   -2979
   -604   -3402    7404     3888    1084    -745    -1807    1203   -2745
   -604   -3402    7404     3886    1321    -648    -2553     446   -2377
   -604   -3402    7404     4345    1856    -727    -3652    -395   -2165
   -604   -3402    7404     3370    2012      45    -4378    -682   -1035
    299   -3935    6256     3234    2080    -626    -4239    -181    -714
    299   -3935    6256     3334    2236     273    -4228     315    -694
    299   -3935    6256     3409    2163     743    -4659     210    -105
    299   -3935    6256     3904    2986    1796    -6203    -309    2630
    441   -3329    4561     3409    1549    1422    -3357    1257     249
    441   -3329    4561     3334    1730    1349    -1143    1566    -397
    441   -3329    4561     3803    2137    1960     -859    1523     304
    441   -3329    4561     3848    1856    1935       44     468     840
    736   -2735    3899     4010    1814    1606     -207   -1162    1534
    736   -2735    3899     3606    1217    1857      146   -2076    1963
    736   -2735    3899     3943    1621    1811     1019   -2691    1721
    736   -2735    3899     3347     643     853     1066   -2678    1837
   -422   -2537    4327     3918    1430    1498      972   -2370    1430
   -422   -2537    4327     3557    5340    1490      594   -2628     758
   -422   -2537    4327     3545     240    -530     3869   -2469       0
   -422   -2537    4327     4811      13    -921     1934   -2985     702
  -1217   -2745    5532     2995     167    -523     4765   -3374    -544
  -1217   -2745    5532     3556    -116   -1056     5113   -2303   -1107
  -1217   -2745    5532     4181    1339    -814     4578   -1446   -1329
  -1217   -2745    5532     1271    5321   -2234     4060   -1064   -1614
  -1217   -3270    7396     3802    -280   -2408     4550    -603   -2080
   -895   -3270    7396     4044   -2234   -2118     1407     781     547
   -895   -3270    7396     4003    -855   -1285      330     598    2678
   -895   -3270    7396     5757   -2843    -924    -2114   -1667    3775
   -895   -3270    7396     4144    -521   -1971    -1368   -2534    3344
  -1429   -2499    7695     3796    -489   -1873     -477   -3631    2159
  -1429   -2499    7695     3595    -718   -2060      144   -3707     931
  -1429   -2499    7695     2353   -1162   -2829      535   -4007     551
  -1429   -2499    7695     3688   -1403   -3390     -344   -3811    1974
  -1131   -1963    8756     2878   -1468   -3382      266   -3558    1931
  -1131   -1963    8756     2192   -2104   -3546      275   -2886    1893
  -1131   -1963    8756     2879   -2185   -3147      202   -2449    1290
  -1131   -1963    8756      453   -1835   -3608     -348   -2657     496
   -438   -1486    9518     2071   -2191   -3014     -743   -2494     306
   -438   -1486    9518    -1259   -3379   -3067     -960   -2241    -275
   -438   -1486    9518   -12832   -1674  -19241     -722    2220    2313
   -438   -1486    9518    -6232   -3434   -7579    -1404   -3270     192
     16   -1723    9626     -592   -2034   -4414    -1353   -3749     286
     16   -1723    9626     -735   -1000   -3538    -1542   -3652     490
     16   -1723    9626    -1016    -705   -3708    -2170   -3686     246
     16   -1723    9626    -1469    -304   -4750    -2239   -3246     -75
   1323   -2330    9628    -1689     242   -3264    -1729   -2905    -119
   1323   -2330    9628    -3119     465   -3557    -1901   -1070    -653
   1323   -2330    9628    -3408    -642   -2848    -1948   -3189     126
   1323   -2330    9628    -3795    -492   -3347    -2459   -4648     165
   1323   -2330    8890    -2967    -461   -1906    -2294   -4220      14
   2596   -3054    8890    -3881     133   -1336    -2097   -3519     284
   2596   -3054    8890    -4279     219   -1683    -2409   -3067    -179
   2596   -3054    8890    -3746     902    -472    -2689   -3478     358
   2596   -3054    8890    -2817    -973    -350    -2765   -4207    -313
   3233   -3543    7393    -4745    1633     -83    -2131   -3204     499
   3233   -3543    7393    -4112    1312     832    -1504   -2957     415
   3233   -3543    7393    -4481     899     425    -1124   -3054      86
   3233   -3543    7393    -3325    1178    1116     -960   -1676      23
   3193   -3694    6213    -3823     911    1716     -841   -1947      52
   3193   -3694    6213    -4223    1068     986     -316      57     123
   3193   -3694    6213    -4148    1490    1713       30     388    -168
   3193   -3694    6213    -2812     771    1870      352    1336      86
   3104   -3713    6016    -2549    1357    1573      651    1215    -227
   3104   -3713    6016    -4470    2147     258     1815    2534    -262
   3104   -3713    6016    -5019    2721     321     4228    3975     424
   3104   -3713    6016    -2845     525   -2132     3594    3150    8164
   2989   -3700    7489    -3871    1543    -174     3739   -1209    3528
   2989   -3700    7489    -4582    2272    -876     4243     207    1496
   2989   -3700    7489    -8513    4769   -3357     3728     418    1204
   2989   -3700    7489    -2706    1756    -889     4547    2640    1849
   2023   -3200    8957    -2548    1948   -1386     4441    2169    1881
   2023   -3200    8957    -3201    1223   -1627     4554    2446    2712
   2023   -3200    8957    -2575    1879   -2720     4440    1955    3381
   2023   -3200    8957    -2533     870   -2960     3857    1257    2190
   2023   -3200    8957    -1071    3306   -2139     3769     926    2171
    681   -1621    9763     -705    3071   -2731     3106    1461    5104
    681   -1621    9763    -1261     711   -2769     4101    2141    4295
    681   -1621    9763     -372    1293   -3575     3584    -267    3203
    681   -1621    9763    -1340    1006   -3879     3486     412    3030
     66     177    9682     -797     449   -4007     3930    -394    1759
     66     177    9682    -1123     327   -3625     4089     346    1428
     66     177    9682     -687    -623   -3652     4461    1774    1394
     66     177    9682     -227   -1563   -4020     3479    2161     831
    -37    1676    8730     -334    -968   -3930     3361    2588    -653
    -37    1676    8730      224   -1094   -2948     4387    3375   -1113
    -37    1676    8730      905   -1541   -2521     5490    4225   -1950
    -37    1676    8730      843   -2771   -1666     5730    4461   -2059
   -960    1985    6543     1668   -2916   -1405     5173    4511   -1505
   -960    1985    6543     1827   -3060    -806     5727    4466   -1536
   -960    1985    6543     3140   -3035     501     6107    3934   -1566
   -960    1985    6543     1117   -3466     491     5304    4514   -1003
   -589     562    4011     3466   -3411    1663     3962    2855    -740
   -589     562    4011     2990   -2965    2016     1978    1226     -69
   -589     562    4011     3309   -3107    2007     1129     -68    -140
   -589     562    4011     3073   -3191    1933     -163   -1200    -439
   -308     -81    3679     3366   -2680    1757     -865   -1492    -524
   -308     -81    3679     3530   -2778    2011     -883   -2700   -2494
   -308     -81    3679     4042   -2588    2179    -1172   -4250   -2327
   -308     -81    3679     2530      34    1736     -279   -6427   -2121
   -308     -81    3679    -1325   -1389   -1754     -246   -6451    -808
  -1659    -312    4887     4223   -1665    -716    -1178   -7033     460
  -1659    -312    4887     3031   -1789   -1479    -1168   -6810     110
  -1659    -312    4887     2644   -1900   -1721    -1100   -6160     380
  -1659    -312    4887     2445   -1954   -2834    -1266   -6497     748
  -2071     -78    7590     1233   -2007    -246    -1577   -7149     671
  -2071     -78    7590      244   -4582    7417    -2146   -8132    -213
  -2071     -78    7590     -767     318   -2737    -3027   -7573   -2106
  -2071     -78    7590    -1174    -603   -3246    -1822   -7384    1009
   -149    -715    9739    -2704   -1154   -3413    -1668   -6285     618
   -149    -715    9739    -2939    -755   -3100    -1972   -5018     -54
   -149    -715    9739    -2691   -1549   -2906    -2707   -4718    -649
   -149    -715    9739    -3394   -1048   -1532    -4282   -5533   -3092
   2270   -1630    9733    -3979     213    -880    -4307   -5536   -2813
   2270   -1630    9733    -4004     -98    -760    -3222   -4716   -1147
   2270   -1630    9733    -5295    -231    -991    -2788   -3180     460
   2270   -1630    9733    -3711     791    1261    -3830    -957    -965
   3822   -2547    8450    -1881    2031     719    -5416   -1541   -3037
   3822   -2547    8450    -4286    -238    -598    -4722    -711    -382
   3822   -2547    8450    -3537     451    -949    -4607    -896     104
   3822   -2547    8450    -4779     240    -545    -4093    -370    2020
   4114   -3098    6930    -4118     218     -74    -4867     814    -830
   4114   -3098    6930    -3652   -1483   -1240    -5164     475     180
   4114   -3098    6930    -3807     616    -629    -5731     241     936
   4114   -3098    6930    -3944     637    -807    -6496     270    1149
   4114   -3098    6930    -3363     723     767    -6315    -373    1789
   4018   -3021    5379    -2910     368     246    -6097    -423    1414
   4018   -3021    5379    -4413     741     642    -5614      66    2131
   4018   -3021    5379    -3827    1249     863    -5338     991    1342
   4018   -3021    5379    -6772    -534    2770    -6110    1997   -1692
   3754   -1802    4095   -10081  -12753    2765    -6469    3706  -10398
   3754   -1802    4095    -4195   -4857    2762    -8851   -1217   -5541
   3754   -1802    4095    -5359   -1827   -1171    -2435    2700    -935
   3754   -1802    4095    -5374   -1734    -956    -2081    2979    -497
   4033     900    4883    -4455   -1607    -628     -913    2876   -3573
   4033     900    4883    -3059   -1001    -965    -1885    1459   -1668
   4033     900    4883    -3698    -662   -1197    -1473     350   -1466
   4033     900    4883    -5702   -2990   -1730    -1828     988    -312
   3869    1719    5785    -4421   -2115   -2032    -1133    2517    -389
   3869    1